#masse étoile (masse solaire): 0.85
#temps(an)    X(AU) sigX(AU)    Y(AU) sigY(AU) 
  0.0000      -2.69     0.07     1.68     0.07
  0.3893      -3.45     0.04     0.95     0.04
  0.5191      -3.60     0.05     0.68     0.05
  0.6748      -3.83     0.08     0.46     0.08
  1.0382      -4.01     0.05    -0.36     0.05
  1.2328      -4.26     0.05    -0.79     0.05
  1.4275      -4.28     0.05    -1.20     0.05
  1.6870      -4.26     0.06    -1.80     0.06
  2.1412      -4.29     0.04    -2.57     0.04
  2.3359      -4.20     0.03    -2.89     0.03
  2.4657      -4.17     0.03    -3.08     0.03
  2.8550      -3.86     0.06    -3.65     0.06
  3.0497      -3.60     0.04    -3.84     0.04
  3.6336      -2.85     0.02    -4.34     0.02
  4.4123      -1.38     0.06    -4.49     0.06
